points=[
0 4.67146e-06 0.000699716 0.0697711
0 3.72114e-05 0.00278285 0.138343
0 0.000125049 0.00622548 0.205722
0 0.000295135 0.0110038 0.271915
0 0.000573948 0.0170942 0.33693
0 0.000987494 0.0244732 0.400772
0 0.00156131 0.0331173 0.46345
0 0.00232047 0.0430034 0.524969
0 0.00328957 0.0541084 0.585337
0 0.00449278 0.0664093 0.644561
0 0.00595377 0.0798833 0.702647
0 0.00769578 0.0945077 0.759603
0 0.00974159 0.11026 0.815435
0 0.0121135 0.127118 0.87015
0 0.0148335 0.145059 0.923756
0 0.017923 0.16406 0.976258
0 0.0214029 0.184102 1.02766
0 0.0252938 0.20516 1.07798
0 0.0296159 0.227214 1.12722
0 0.0343888 0.250241 1.17538
0 0.0396319 0.274221 1.22247
0 0.0453639 0.299133 1.2685
0 0.0516033 0.324954 1.31347
0 0.058368 0.351665 1.3574
0 0.0656756 0.379243 1.40028
0 0.0735434 0.407669 1.44213
0 0.0819879 0.436922 1.48296
0 0.0910256 0.466981 1.52276
0 0.100672 0.497825 1.56155
0 0.110944 0.529436 1.59934
0 0.121855 0.561792 1.63612
0 0.13342 0.594874 1.67192
0 0.145654 0.628662 1.70672
0 0.158571 0.663137 1.74055
0 0.172184 0.698278 1.7734
0 0.186507 0.734066 1.80529
0 0.201551 0.770483 1.83623
0 0.21733 0.807509 1.86621
0 0.233856 0.845125 1.89524
0 0.251139 0.883313 1.92334
0 0.269192 0.922053 1.95051
0 0.288025 0.961327 1.97675
0 0.307648 1.00112 2.00208
0 0.328073 1.0414 2.0265
0 0.349308 1.08217 2.05001
0 0.371363 1.1234 2.07263
0 0.394247 1.16507 2.09436
0 0.417968 1.20717 2.11521
0.96 0.442534 1.24944 2.11185
0.96 0.467945 1.29164 2.1082
0.96 0.494199 1.33376 2.10426
1.02 0.521295 1.3758 2.09907
1.02 0.549231 1.41773 2.09362
1.02 0.578003 1.45954 2.08791
1.02 0.607611 1.50124 2.08195
1.1 0.638052 1.5428 2.07449
1.1 0.669323 1.58422 2.06682
1.1 0.70142 1.62548 2.05892
1.1 0.734341 1.66657 2.05081
1.1 0.768082 1.70751 2.04248
1.2 0.80264 1.74826 2.03247
1.2 0.838011 1.7888 2.02228
1.2 0.87419 1.82915 2.01191
1.2 0.911175 1.86928 2.00138
1.2 0.94896 1.9092 1.99067
1.3 0.987542 1.94889 1.97841
1.3 1.02691 1.98834 1.96602
1.3 1.06707 2.02753 1.95349
1.3 1.10801 2.06648 1.94083
1.38 1.14973 2.10515 1.92701
1.38 1.19222 2.14355 1.91307
1.38 1.23547 2.18168 1.89903
1.38 1.27948 2.21952 1.88489
1.38 1.32425 2.25707 1.87065
1.48 1.36976 2.29433 1.85509
1.48 1.41602 2.33127 1.83945
1.48 1.46301 2.36791 1.82375
1.54 1.51073 2.40422 1.80729
1.54 1.55918 2.4402 1.79078
1.54 1.60834 2.47585 1.77421
1.6 1.65821 2.51116 1.75694
1.6 1.70878 2.54612 1.73963
1.6 1.76005 2.58074 1.72229
1.66 1.81201 2.61501 1.70429
1.66 1.86465 2.64892 1.68628
1.66 1.91797 2.68246 1.66824
1.66 1.97195 2.71565 1.6502
1.74 2.02659 2.74846 1.63134
1.74 2.08188 2.7809 1.61248
1.74 2.13782 2.81296 1.59363
1.8 2.1944 2.84464 1.57422
1.8 2.25161 2.87593 1.55484
1.8 2.30943 2.90683 1.53547
1.8 2.36788 2.93735 1.51612
1.88 2.42693 2.96747 1.49609
1.88 2.48657 2.99719 1.47609
1.88 2.54681 3.02651 1.45613
1.88 2.60763 3.05544 1.43621
1.96 2.66903 3.08396 1.41566
1.96 2.73099 3.11206 1.39517
2 2.79351 3.13976 1.37441
2 2.85657 3.16704 1.35372
2 2.92018 3.19391 1.3331
2 2.98433 3.22037 1.31254
2.08 3.049 3.2464 1.29144
2.08 3.11418 3.27202 1.27042
2.08 3.17987 3.29722 1.24949
2.08 3.24607 3.322 1.22863
2.16 3.31275 3.34636 1.20728
2.16 3.37992 3.3703 1.18603
2.16 3.44756 3.3938 1.16488
2.22 3.51567 3.41689 1.14342
2.22 3.58423 3.43954 1.12206
2.22 3.65325 3.46177 1.10081
2.28 3.7227 3.48357 1.07928
2.28 3.79259 3.50494 1.05787
2.28 3.8629 3.52589 1.03656
2.28 3.93362 3.54641 1.01537
2.28 4.00475 3.5665 0.994292
2.38 4.07628 3.58617 0.972743
2.38 4.14819 3.60541 0.951319
2.38 4.22049 3.62423 0.930019
2.44 4.29316 3.64261 0.908523
2.44 4.36619 3.66057 0.887159
2.44 4.43958 3.6781 0.865927
2.5 4.51331 3.6952 0.844524
2.5 4.58738 3.71188 0.82326
2.5 4.66179 3.72813 0.802133
2.56 4.73651 3.74396 0.780861
2.56 4.81154 3.75937 0.759733
2.56 4.88688 3.77435 0.738748
2.62 4.96251 3.78892 0.717642
2.62 5.03843 3.80306 0.696685
2.62 5.11463 3.81679 0.675876
2.68 5.1911 3.83009 0.654969
2.68 5.26783 3.84299 0.634216
2.68 5.34482 3.85546 0.613615
2.68 5.42205 3.86753 0.593166
2.68 5.49952 3.87919 0.57287
2.78 5.57721 3.89044 0.552352
2.78 5.65513 3.90129 0.531993
2.78 5.73326 3.91172 0.511794
2.78 5.8116 3.92176 0.491754
2.78 5.89013 3.9314 0.471873
2.88 5.96885 3.94063 0.451821
2.88 6.04775 3.94947 0.431934
2.88 6.12683 3.95791 0.412212
2.94 6.20607 3.96596 0.392478
2.94 6.28546 3.97361 0.372911
2.94 6.36501 3.98087 0.353512
3 6.4447 3.98775 0.334117
3 6.52452 3.99424 0.314892
3 6.60446 4.00035 0.295837
3 6.68453 4.00607 0.276951
3.08 6.7647 4.01142 0.258038
3.08 6.84498 4.0164 0.239297
3.08 6.92536 4.021 0.220728
3.14 7.00582 4.02523 0.2022
3.14 7.08636 4.02909 0.183845
3.14 7.16698 4.03258 0.165663
3.14 7.24766 4.03571 0.147653
3.14 7.32841 4.03849 0.129816
3.24 7.4092 4.04091 0.111958
3.24 7.49004 4.04297 0.0942762
3.24 7.57092 4.04468 0.0767683
3.24 7.65182 4.04604 0.0594339
3.24 7.73276 4.04706 0.0422724
3.34 7.8137 4.04773 0.0251261
3.34 7.89466 4.04806 0.00815513
3.34 7.97563 4.04806 -0.00864125
3.34 8.05658 4.04772 -0.0252637
3.42 8.13753 4.04705 -0.0418161
3.42 8.21846 4.04605 -0.0581936
3.42 8.29937 4.04472 -0.0743967
3.42 8.38025 4.04307 -0.0904262
3.42 8.46109 4.04111 -0.106283
3.52 8.54189 4.03882 -0.12207
3.52 8.62264 4.03622 -0.137684
3.52 8.70334 4.03332 -0.153125
3.52 8.78397 4.0301 -0.168392
3.6 8.86454 4.02658 -0.183551
3.6 8.94503 4.02276 -0.198538
3.64 9.02545 4.01864 -0.213378
3.64 9.10578 4.01422 -0.228046
3.64 9.18602 4.00952 -0.242543
3.64 9.26616 4.00452 -0.25687
3.72 9.3462 3.99924 -0.271067
3.72 9.42613 3.99368 -0.285093
3.72 9.50594 3.98784 -0.298951
3.78 9.58564 3.98173 -0.31266
3.78 9.66521 3.97534 -0.326201
3.78 9.74465 3.96868 -0.339575
3.84 9.82395 3.96175 -0.352794
3.84 9.90312 3.95457 -0.365847
3.84 9.98213 3.94712 -0.378734
3.84 10.061 3.93942 -0.391457
3.92 10.1397 3.93146 -0.40402
3.92 10.2183 3.92326 -0.41642
3.92 10.2966 3.91481 -0.428657
3.92 10.3748 3.90611 -0.440732
4 10.4529 3.89718 -0.452638
4 10.5307 3.88801 -0.464384
4 10.6084 3.87861 -0.475971
4.06 10.6859 3.86897 -0.487385
4.06 10.7632 3.85911 -0.498642
4.06 10.8402 3.84903 -0.509741
4.06 10.9171 3.83872 -0.520685
4.14 10.9938 3.8282 -0.531445
4.14 11.0702 3.81747 -0.542051
4.14 11.1465 3.80652 -0.552503
4.14 11.2225 3.79537 -0.562803
4.14 11.2983 3.78401 -0.572952
4.24 11.3739 3.77245 -0.5829
4.24 11.4492 3.76069 -0.592699
4.24 11.5243 3.74874 -0.602349
4.3 11.5991 3.7366 -0.611815
4.3 11.6738 3.72427 -0.621135
4.3 11.7481 3.71176 -0.630309
4.3 11.8222 3.69906 -0.639338
4.38 11.8961 3.68619 -0.648167
4.38 11.9697 3.67314 -0.656854
4.38 12.043 3.65991 -0.6654
4.38 12.1161 3.64652 -0.673805
4.46 12.1889 3.63296 -0.682006
4.46 12.2614 3.61924 -0.690069
4.46 12.3336 3.60536 -0.697995
4.46 12.4056 3.59132 -0.705784
4.54 12.4773 3.57713 -0.713367
4.54 12.5487 3.56279 -0.720816
4.54 12.6198 3.5483 -0.728133
4.6 12.6906 3.53366 -0.73526
4.6 12.7611 3.51889 -0.742257
4.6 12.8314 3.50398 -0.749124
4.6 12.9013 3.48893 -0.755862
4.68 12.9709 3.47374 -0.762391
4.68 13.0402 3.45843 -0.768794
4.68 13.1093 3.44299 -0.775072
4.68 13.178 3.42743 -0.781225
4.76 13.2464 3.41174 -0.787169
4.76 13.3144 3.39594 -0.792991
4.76 13.3822 3.38003 -0.798692
4.82 13.4496 3.364 -0.804206
4.82 13.5167 3.34786 -0.809602
4.82 13.5835 3.33161 -0.814881
4.88 13.65 3.31526 -0.819974
4.88 13.7162 3.29881 -0.824952
4.88 13.782 3.28227 -0.829817
4.94 13.8474 3.26562 -0.834496
4.94 13.9126 3.24889 -0.839064
4.94 13.9774 3.23206 -0.843523
5 14.0419 3.21515 -0.847797
5 14.106 3.19815 -0.851965
5 14.1698 3.18107 -0.856026
5 14.2332 3.16391 -0.859981
5.08 14.2964 3.14667 -0.863728
5.08 14.3591 3.12936 -0.867373
5.08 14.4215 3.11198 -0.870916
5.08 14.4836 3.09453 -0.874358
5.16 14.5453 3.07701 -0.877595
5.16 14.6067 3.05942 -0.880733
5.16 14.6677 3.04178 -0.883775
5.16 14.7283 3.02407 -0.88672
5.24 14.7886 3.00631 -0.889462
5.24 14.8486 2.98849 -0.892111
5.24 14.9082 2.97063 -0.894668
5.3 14.9674 2.95271 -0.897051
5.3 15.0263 2.93474 -0.899345
5.3 15.0848 2.91674 -0.901549
5.3 15.143 2.89868 -0.903666
5.38 15.2008 2.88059 -0.905584
