points0 = [0, 124.834, 0, 0, 0, 6.16483, 0, 0, 0
0, 124.834, 0, 0, 0, 6.16483, 0, 0, -0.0138019
0.02, 124.834, 2.48687e-06, 0.000372613, 0.0371778, 6.16483, -2.74805e-06, -0.000274189, -0.0136172
0.04, 124.834, 1.98282e-05, 0.00148378, 0.073856, 6.16483, -1.0943e-05, -0.000544694, -0.0134334
0.06, 124.834, 6.66954e-05, 0.00332354, 0.110037, 6.16483, -2.45113e-05, -0.000811529, -0.0132503
0.08, 124.834, 0.000157561, 0.00588195, 0.145722, 6.16483, -4.33798e-05, -0.00107471, -0.0130682
0.1, 124.834, 0.000306698, 0.00914914, 0.180915, 6.16483, -6.74756e-05, -0.00133426, -0.0128868
0.12, 124.834, 0.000528186, 0.0131153, 0.215617, 6.16483, -9.67262e-05, -0.00159019, -0.0127063
0.14, 124.834, 0.000835904, 0.0177706, 0.24983, 6.16483, -0.000131059, -0.00184252, -0.0125266
0.16, 124.834, 0.00124354, 0.0231052, 0.283557, 6.16482, -0.000170403, -0.00209126, -0.0123477
0.18, 124.834, 0.00176458, 0.0291096, 0.316801, 6.16482, -0.000214686, -0.00233643, -0.0121696
0.2, 124.834, 0.00241232, 0.0357741, 0.349562, 6.16482, -0.000263836, -0.00257805, -0.0119924
0.22, 124.834, 0.00319988, 0.0430889, 0.381844, 6.16481, -0.000317784, -0.00281613, -0.011816
0.24, 124.834, 0.00414015, 0.0510446, 0.413649, 6.1648, -0.000376458, -0.0030507, -0.0116404
0.26, 124.834, 0.00524587, 0.0596317, 0.444979, 6.16479, -0.000439789, -0.00328176, -0.0114657
0.28, 124.834, 0.00652957, 0.0688407, 0.475836, 6.16478, -0.000507705, -0.00350933, -0.0112918
0.3, 124.834, 0.00800358, 0.078662, 0.506223, 6.16477, -0.000580139, -0.00373343, -0.0111187
0.32, 124.834, 0.00968007, 0.0890864, 0.536141, 6.16476, -0.000657019, -0.00395408, -0.0109464
0.34, 124.834, 0.011571, 0.100105, 0.565593, 6.16475, -0.000738279, -0.0041713, -0.010775
0.36, 124.834, 0.0136881, 0.111707, 0.594582, 6.16473, -0.000823849, -0.00438509, -0.0106044
0.38, 124.834, 0.0160431, 0.123885, 0.623109, 6.16471, -0.00091366, -0.00459548, -0.0104346
0.4, 124.835, 0.0186473, 0.136628, 0.651177, 6.1647, -0.00100764, -0.00480248, -0.0102657
0.42, 124.835, 0.021512, 0.149929, 0.678787, 6.16467, -0.00110574, -0.00500611, -0.0100976
0.44, 124.835, 0.0246481, 0.163777, 0.705943, 6.16465, -0.00120787, -0.00520639, -0.00993026
0.46, 124.835, 0.0280666, 0.178163, 0.732646, 6.16463, -0.00131397, -0.00540333, -0.00976379
0.48, 124.836, 0.0317782, 0.19308, 0.758899, 6.1646, -0.00142398, -0.00559694, -0.00959815
0.5, 124.836, 0.0357933, 0.208516, 0.784704, 6.16457, -0.00153783, -0.00578726, -0.00943333
0.52, 124.836, 0.0401223, 0.224465, 0.810064, 6.16454, -0.00165545, -0.00597428, -0.00926935
0.54, 124.837, 0.0447752, 0.240916, 0.834979, 6.1645, -0.00177677, -0.00615804, -0.00910619
0.56, 124.837, 0.0497622, 0.257861, 0.859453, 6.16447, -0.00190175, -0.00633853, -0.00894386
0.58, 124.838, 0.0550929, 0.275291, 0.883488, 6.16443, -0.00203029, -0.0065158, -0.00878235
0.6, 124.839, 0.060777, 0.293198, 0.907087, 6.16438, -0.00216236, -0.00668983, -0.00862167
0.62, 124.839, 0.0668239, 0.311572, 0.93025, 6.16434, -0.00229787, -0.00686067, -0.00846182
0.64, 124.84, 0.0732429, 0.330405, 0.952981, 6.16429, -0.00243676, -0.00702831, -0.0083028
0.66, 124.841, 0.0800431, 0.349688, 0.975283, 6.16424, -0.00257898, -0.00719279, -0.00814461
0.68, 124.842, 0.0872334, 0.369413, 0.997156, 6.16419, -0.00272445, -0.0073541, -0.00798724
0.7, 124.843, 0.0948226, 0.389572, 1.0186, 6.16413, -0.00287312, -0.00751228, -0.0078307
0.72, 124.844, 0.102819, 0.410155, 1.03963, 6.16407, -0.00302492, -0.00766734, -0.00767498
0.74, 124.845, 0.111232, 0.431154, 1.06023, 6.16401, -0.00317979, -0.00781929, -0.0075201
0.76, 124.846, 0.120068, 0.452561, 1.08042, 6.16395, -0.00333767, -0.00796815, -0.00736604
0.78, 124.847, 0.129337, 0.474368, 1.10018, 6.16388, -0.0034985, -0.00811393, -0.00721281
0.8, 124.849, 0.139045, 0.496566, 1.11954, 6.16381, -0.00366221, -0.00825666, -0.00706041
0.82, 124.85, 0.149202, 0.519146, 1.13848, 6.16373, -0.00382875, -0.00839635, -0.00690883
0.84, 124.852, 0.159814, 0.542102, 1.15701, 6.16365, -0.00399804, -0.00853302, -0.00675808
0.86, 124.853, 0.170888, 0.565424, 1.17513, 6.16357, -0.00417005, -0.00866668, -0.00660816
0.88, 124.855, 0.182433, 0.589104, 1.19285, 6.16349, -0.00434469, -0.00879735, -0.00645906
0.9, 124.857, 0.194455, 0.613135, 1.21016, 6.1634, -0.00452192, -0.00892505, -0.0063108
0.92, 124.859, 0.206961, 0.637508, 1.22708, 6.16331, -0.00470167, -0.00904979, -0.00616336
0.94, 124.861, 0.219957, 0.662216, 1.24359, 6.16321, -0.00488389, -0.00917159, -0.00601674
0.96, 124.864, 0.233452, 0.687249, 1.25971, 6.16311, -0.00506852, -0.00929047, -0.00587096
];
