points=[784.6 1135.57
787.667 1135.49
790.733 1135.41
793.799 1135.34
796.866 1135.26
799.933 1135.19
802.999 1135.13
806.066 1135.07
809.133 1135.01
812.2 1134.97
815.268 1134.93
818.205 1134.93
821.142 1134.93
824.08 1134.93
827.017 1134.93
829.954 1134.93
832.891 1134.93
835.828 1134.92
838.765 1134.92
841.703 1134.92
844.64 1134.91
847.68 1134.9
850.721 1134.89
853.761 1134.87
856.801 1134.86
859.842 1134.85
862.882 1134.84
865.922 1134.83
868.963 1134.82
872.003 1134.81
875.044 1134.81
878.068 1134.8
881.091 1134.79
884.115 1134.79
887.139 1134.78
890.163 1134.78
893.187 1134.78
896.211 1134.78
899.235 1134.78
902.259 1134.79
905.283 1134.8
908.252 1134.75
911.221 1134.71
914.189 1134.67
917.158 1134.65
920.127 1134.65
923.095 1134.67
926.063 1134.71
929.032 1134.79
932 1134.9
934.968 1135.06
937.953 1135.3
940.939 1135.54
943.923 1135.8
946.907 1136.07
949.89 1136.36
952.871 1136.68
955.85 1137.03
958.827 1137.42
961.802 1137.84
964.773 1138.32
967.846 1138.88
970.917 1139.46
973.985 1140.05
977.049 1140.66
980.108 1141.31
983.16 1142
986.203 1142.74
989.237 1143.53
992.26 1144.39
995.27 1145.32
998.244 1146.57
1001.22 1147.83
1004.19 1149.09
1007.17 1150.34
1010.14 1151.59
1013.12 1152.84
1016.09 1154.09
1019.07 1155.33
1022.05 1156.57
1025.03 1157.81
1027.98 1159.01
1030.93 1160.2
1033.88 1161.4
1036.83 1162.6
1039.77 1163.8
1042.72 1165
1045.67 1166.21
1048.61 1167.42
1051.56 1168.63
1054.5 1169.84
1056.93 1170.98
1059.36 1172.1
1061.8 1173.22
1064.25 1174.32
1066.7 1175.39
1069.17 1176.43
1071.65 1177.44
1074.15 1178.4
1076.68 1179.32
1079.22 1180.18
1081.48 1180.81
1083.74 1181.44
1086.01 1182.05
1088.28 1182.66
1090.55 1183.25
1092.83 1183.83
1095.12 1184.38
1097.42 1184.9
1099.73 1185.4
1102.05 1185.86
1104.55 1186.21
1107.06 1186.56
1109.56 1186.91
1112.07 1187.26
1114.58 1187.6
1117.09 1187.92
1119.6 1188.24
1122.11 1188.55
1124.63 1188.84
1127.15 1189.12
1130.45 1189.39
1133.75 1189.67
1137.05 1189.95
1140.35 1190.21
1143.65 1190.48
1146.95 1190.73
1150.25 1190.97
1153.56 1191.2
1156.86 1191.42
1160.17 1191.62
1162.37 1191.73
1164.56 1191.83
1166.76 1191.93
1168.95 1192.04
1171.15 1192.14
1173.34 1192.25
1175.54 1192.35
1177.73 1192.45
1179.93 1192.56
1182.12 1192.66
1184.75 1192.79
1187.37 1192.92
1189.99 1193.04
1192.62 1193.17
1195.24 1193.3
1197.86 1193.42
1200.49 1193.54
1203.11 1193.65
1205.74 1193.77
1208.36 1193.87
1211.08 1194
1213.81 1194.13
1216.53 1194.25
1219.26 1194.37
1221.99 1194.48
1224.71 1194.57
1227.44 1194.66
1230.17 1194.72
1232.89 1194.77
1235.62 1194.79
1239.22 1194.69
1242.82 1194.59
1246.42 1194.48
1250.01 1194.37
1253.61 1194.26
1257.21 1194.15
1260.81 1194.03
1264.4 1193.91
1268 1193.78
1271.6 1193.64
1275.14 1193.54
1278.68 1193.44
1282.22 1193.33
1285.75 1193.21
1289.29 1193.07
1292.83 1192.92
1296.37 1192.74
1299.9 1192.54
1303.44 1192.31
1306.97 1192.05
1310.32 1191.66
1313.67 1191.27
1317.02 1190.88
1320.37 1190.49
1323.72 1190.11
1327.07 1189.74
1330.42 1189.37
1333.77 1189
1337.12 1188.65
1340.48 1188.31
1343.35 1188.05
1346.23 1187.79
1349.1 1187.53
1351.98 1187.27
1354.85 1187
1357.73 1186.74
1360.6 1186.48
1363.48 1186.21
1366.35 1185.94
1369.22 1185.67
1372.14 1185.41
1375.05 1185.15
1377.96 1184.89
1380.87 1184.62
1383.78 1184.34
1386.68 1184.06
1389.59 1183.77
1392.5 1183.47
1395.41 1183.16
1398.31 1182.84
1401.5 1182.42
1404.69 1181.99
1407.88 1181.57
1411.08 1181.15
1414.27 1180.73
1417.46 1180.31
1420.65 1179.89
1423.84 1179.48
1427.04 1179.06
1430.23 1178.65
1433.91 1178.19
1437.58 1177.73
1441.26 1177.27
1444.94 1176.81
1448.62 1176.34
1452.29 1175.88
1455.97 1175.42
1459.65 1174.96
1463.33 1174.49
1467 1174.03
1469.58 1173.68
1472.15 1173.34
1474.73 1173
1477.3 1172.66
1479.88 1172.33
1482.46 1172
1485.03 1171.68
1487.61 1171.36
1490.19 1171.05
1492.77 1170.75
1495.47 1170.46
1498.17 1170.17
1500.87 1169.88
1503.56 1169.59
1506.26 1169.31
1508.96 1169.03
1511.66 1168.76
1514.37 1168.5
1517.07 1168.24
1519.77 1168
1522.47 1167.8
1525.17 1167.6
1527.87 1167.4
1530.58 1167.2
1533.28 1167
1535.98 1166.8
1538.68 1166.59
1541.37 1166.37
1544.07 1166.15
1546.77 1165.93
1549.32 1165.68
1551.88 1165.43
1554.43 1165.18
1556.98 1164.94
1559.54 1164.7
1562.09 1164.46
1564.64 1164.23
1567.2 1164.01
1569.76 1163.8
1572.31 1163.6
1574.89 1163.45
1577.47 1163.31
1580.04 1163.16
1582.62 1163.01
1585.19 1162.85
1587.77 1162.7
1590.34 1162.53
1592.92 1162.36
1595.49 1162.18
1598.07 1161.99
1600.84 1161.77
1603.61 1161.55
1606.38 1161.32
1609.15 1161.09
1611.92 1160.86
1614.68 1160.61
1617.45 1160.36
1620.22 1160.09
1622.99 1159.82
1625.75 1159.52
1628.17 1159.19
1630.59 1158.85
1633.02 1158.52
1635.44 1158.19
1637.87 1157.87
1640.29 1157.57
1642.72 1157.27
1645.15 1156.99
1647.58 1156.72
1650.01 1156.48
1652.84 1156.31
1655.67 1156.13
1658.49 1155.96
1661.32 1155.79
1664.15 1155.61
1666.98 1155.42
1669.81 1155.23
1672.63 1155.04
1675.46 1154.84
1678.28 1154.62
1681.03 1154.38
1683.77 1154.14
1686.51 1153.89
1689.26 1153.65
1692 1153.41
1694.75 1153.17
1697.49 1152.93
1700.23 1152.7
1702.98 1152.47
1705.72 1152.25
1708.43 1152.03
1711.13 1151.81
1713.84 1151.6
1716.54 1151.38
1719.25 1151.17
1721.96 1150.97
1724.66 1150.76
1727.37 1150.57
1730.08 1150.37
1732.78 1150.19
1735.93 1150.01
1739.07 1149.84
1742.22 1149.67
1745.36 1149.49
1748.51 1149.31
1751.65 1149.13
1754.8 1148.95
1757.94 1148.77
1761.08 1148.58
1764.23 1148.39
1767.01 1148.18
1769.8 1147.97
1772.58 1147.76
1775.37 1147.56
1778.15 1147.36
1780.94 1147.18
1783.73 1147.01
1786.51 1146.85
1789.3 1146.7
1792.09 1146.57
1794.95 1146.43
1797.81 1146.29
1800.66 1146.16
1803.52 1146.04
1806.38 1145.95
1809.24 1145.88
1812.1 1145.85
1814.96 1145.85
1817.83 1145.89
1820.7 1145.98
1823.49 1146.23
1826.28 1146.48
1829.07 1146.73
1831.86 1146.99
1834.65 1147.25
1837.44 1147.52
1840.23 1147.8
1843.02 1148.09
1845.81 1148.39
1848.6 1148.7
1851.62 1149.03
1854.64 1149.37
1857.65 1149.71
1860.67 1150.07
1863.68 1150.44
1866.69 1150.83
1869.7 1151.25
1872.7 1151.7
1875.7 1152.18
1878.7 1152.7
1881.44 1153.28
1884.17 1153.86
1886.91 1154.44
1889.64 1155.03
1892.37 1155.63
1895.1 1156.24
1897.83 1156.85
1900.56 1157.49
1903.28 1158.13
1906 1158.8
1908.55 1159.43
1911.11 1160.07
1913.66 1160.72
1916.21 1161.37
1918.75 1162.04
1921.29 1162.72
1923.83 1163.43
1926.36 1164.16
1928.88 1164.91
1931.4 1165.7
1934.1 1166.58
1936.79 1167.46
1939.48 1168.36
1942.16 1169.28
1944.84 1170.22
1947.5 1171.2
1950.15 1172.22
1952.79 1173.29
1955.4 1174.41
1958 1175.6
1960.55 1176.93
1963.1 1178.27
1965.64 1179.62
1968.17 1180.99
1970.69 1182.39
1973.2 1183.82
1975.68 1185.29
1978.15 1186.81
1980.59 1188.37
1983 1190
1985.19 1191.61
1987.37 1193.22
1989.55 1194.85
1991.71 1196.5
1993.86 1198.17
1995.99 1199.87
1998.09 1201.61
2000.16 1203.39
2002.2 1205.22
2004.2 1207.1
2006.11 1209.12
2008.01 1211.14
2009.91 1213.17
2011.79 1215.22
2013.65 1217.28
2015.49 1219.37
2017.29 1221.5
2019.07 1223.66
2020.8 1225.86
2022.49 1228.1
2024.18 1230.76
2025.87 1233.43
2027.55 1236.09
2029.23 1238.77
2030.88 1241.46
2032.52 1244.16
2034.14 1246.87
2035.74 1249.6
2037.3 1252.36
2038.84 1255.13
2040.33 1258.05
2041.82 1260.97
2043.31 1263.9
2044.78 1266.83
2046.24 1269.77
2047.68 1272.72
2049.1 1275.68
2050.49 1278.66
2051.84 1281.65
2053.17 1284.67
2054.27 1287.51
2055.38 1290.36
2056.48 1293.2
2057.58 1296.05
2058.68 1298.9
2059.78 1301.75
2060.88 1304.59
2061.97 1307.45
2063.06 1310.3
2064.14 1313.15
2065.39 1316.33
2066.63 1319.5
2067.87 1322.68
2069.1 1325.87
2070.31 1329.06
2071.52 1332.25
2072.7 1335.45
2073.86 1338.66
2074.99 1341.88
2076.1 1345.11
2076.98 1347.92
2077.86 1350.73
2078.74 1353.54
2079.61 1356.36
2080.48 1359.17
2081.35 1361.99
2082.21 1364.81
2083.08 1367.62
2083.93 1370.44
2084.78 1373.27
2085.64 1376.18
2086.5 1379.1
2087.37 1382.02
2088.22 1384.94
2089.08 1387.86
2089.93 1390.78
2090.78 1393.7
2091.63 1396.63
2092.47 1399.55
2093.3 1402.48
2094.23 1405.53
2095.16 1408.58
2096.08 1411.63
2096.99 1414.69
2097.87 1417.76
2098.72 1420.83
2099.55 1423.91
2100.33 1427
