points1 = [0, 0, 0, 0, 0
0.02, 1.994e-08, 1.994e-06, 0.000298801, 0.0298202
0.04, 1.98922e-07, 1.59042e-05, 0.00119042, 0.0592819
0.06, 8.93115e-07, 5.35152e-05, 0.0026677, 0.0883865
0.08, 2.69296e-06, 0.000126469, 0.00472351, 0.117135
0.1, 6.42029e-06, 0.000246265, 0.00735075, 0.14553
0.12, 1.31256e-05, 0.000424261, 0.0105424, 0.173572
0.14, 2.40849e-05, 0.000671675, 0.0142913, 0.201262
0.16, 4.07975e-05, 0.000999581, 0.0185905, 0.228603
0.18, 6.49825e-05, 0.00141892, 0.0234331, 0.255595
0.2, 9.85764e-05, 0.00194048, 0.028812, 0.28224
0.22, 0.000143731, 0.00257493, 0.0347204, 0.308539
0.24, 0.000202808, 0.00333278, 0.0411513, 0.334495
0.26, 0.00027838, 0.00422442, 0.0480979, 0.360107
0.28, 0.000373225, 0.00526009, 0.0555533, 0.385379
0.3, 0.000490324, 0.00644989, 0.0635108, 0.41031
0.32, 0.000632861, 0.00780382, 0.0719634, 0.434903
0.34, 0.000804217, 0.00933169, 0.0809046, 0.459159
0.36, 0.00100797, 0.0110432, 0.0903276, 0.48308
0.38, 0.00124788, 0.012948, 0.100226, 0.506666
0.4, 0.00152791, 0.0150554, 0.110592, 0.52992
0.42, 0.00185221, 0.0173747, 0.12142, 0.552843
0.44, 0.00222511, 0.0199152, 0.132704, 0.575436
0.46, 0.00265112, 0.0226858, 0.144435, 0.5977
0.48, 0.00313494, 0.0256956, 0.156609, 0.619638
0.5, 0.00368142, 0.0289531, 0.169219, 0.64125
0.52, 0.00429562, 0.0324672, 0.182257, 0.662538
0.54, 0.00498276, 0.0362462, 0.195718, 0.683504
0.56, 0.00574821, 0.0402987, 0.209595, 0.704148
0.58, 0.00659752, 0.0446328, 0.223882, 0.724473
0.6, 0.00753642, 0.0492566, 0.238572, 0.74448
0.62, 0.00857077, 0.0541783, 0.253659, 0.76417
0.64, 0.0097066, 0.0594056, 0.269137, 0.783544
0.66, 0.0109501, 0.0649463, 0.284999, 0.802605
0.68, 0.0123077, 0.0708081, 0.301239, 0.821353
0.7, 0.0137857, 0.0769984, 0.317851, 0.83979
0.72, 0.015391, 0.0835245, 0.334828, 0.857917
0.74, 0.0171301, 0.0903939, 0.352165, 0.875737
0.76, 0.0190102, 0.0976135, 0.369856, 0.893249
0.78, 0.0210383, 0.10519, 0.387893, 0.910457
0.8, 0.0232215, 0.113132, 0.406272, 0.92736
0.82, 0.0255672, 0.121444, 0.424986, 0.943961
0.84, 0.028083, 0.130133, 0.444028, 0.960261
0.86, 0.0307764, 0.139207, 0.463394, 0.976262
0.88, 0.0336552, 0.148671, 0.483077, 0.991964
0.9, 0.0367272, 0.158532, 0.503071, 1.00737
0.92, 0.0400005, 0.168796, 0.52337, 1.02248
0.94, 0.0434831, 0.179469, 0.543968, 1.0373
0.96, 0.0471834, 0.190557, 0.56486, 1.05182
0.98, 0.0511096, 0.202065, 0.586039, 1.06606
1, 0.0552703, 0.214, 0.6075, 1.08
1.02, 0.0596739, 0.226367, 0.629237, 1.09366
1.04, 0.0643293, 0.239171, 0.651244, 1.10703
1.06, 0.0692452, 0.252418, 0.673516, 1.12011
1.08, 0.0744305, 0.266114, 0.696047, 1.13291
1.1, 0.0798943, 0.280262, 0.718831, 1.14543
1.12, 0.0856456, 0.294869, 0.741862, 1.15767
1.14, 0.0916936, 0.309938, 0.765136, 1.16963
1.16, 0.0980478, 0.325476, 0.788645, 1.18131
1.18, 0.104717, 0.341485, 0.812386, 1.19271
1.2, 0.111712, 0.357972, 0.836352, 1.20384
1.22, 0.119041, 0.374941, 0.860538, 1.2147
1.24, 0.126714, 0.392395, 0.884938, 1.22528
1.26, 0.134742, 0.41034, 0.909547, 1.23559
1.28, 0.143133, 0.428779, 0.93436, 1.24563
1.3, 0.151898, 0.447716, 0.959371, 1.25541
1.32, 0.161047, 0.467155, 0.984574, 1.26492
1.34, 0.170589, 0.4871, 1.00997, 1.27416
1.36, 0.180536, 0.507555, 1.03554, 1.28314
1.38, 0.190897, 0.528523, 1.06129, 1.29186
1.4, 0.201682, 0.550007, 1.08721, 1.30032
1.42, 0.212902, 0.572012, 1.1133, 1.30852
1.44, 0.224568, 0.59454, 1.13955, 1.31646
1.46, 0.236689, 0.617595, 1.16596, 1.32414
1.48, 0.249277, 0.64118, 1.19252, 1.33157
1.5, 0.262341, 0.665297, 1.21922, 1.33875
1.52, 0.275894, 0.689949, 1.24606, 1.34567
1.54, 0.289945, 0.71514, 1.27304, 1.35235
1.56, 0.304505, 0.740872, 1.30016, 1.35877
1.58, 0.319585, 0.767147, 1.32739, 1.36495
1.6, 0.335196, 0.793969, 1.35475, 1.37088
1.62, 0.351349, 0.821338, 1.38223, 1.37657
1.64, 0.368055, 0.849258, 1.40981, 1.38201
1.66, 0.385325, 0.877731, 1.43751, 1.38721
1.68, 0.40317, 0.906759, 1.4653, 1.39217
1.7, 0.421601, 0.936344, 1.49319, 1.39689
1.72, 0.440629, 0.966488, 1.52117, 1.40137
1.74, 0.460266, 0.997192, 1.54924, 1.40562
1.76, 0.480523, 1.02846, 1.5774, 1.40963
1.78, 0.50141, 1.06029, 1.60563, 1.41341
1.8, 0.52294, 1.09268, 1.63393, 1.41696
1.82, 0.545123, 1.12565, 1.6623, 1.42028
1.84, 0.567971, 1.15918, 1.69074, 1.42337
1.86, 0.591496, 1.19328, 1.71924, 1.42623
1.88, 0.615708, 1.22795, 1.74779, 1.42886
1.9, 0.64062, 1.26319, 1.77639, 1.43127
1.92, 0.666241, 1.299, 1.80504, 1.43346
1.94, 0.692585, 1.33539, 1.83373, 1.43542
1.96, 0.719663, 1.37235, 1.86245, 1.43717
1.98, 0.747485, 1.40989, 1.89121, 1.43869
2, 0.776064, 1.448, 1.92, 1.44
2.02, 0.805411, 1.48669, 1.94881, 1.44109
2.04, 0.835537, 1.52595, 1.97764, 1.44197
2.06, 0.866455, 1.56579, 2.00649, 1.44263
2.08, 0.898175, 1.60621, 2.03535, 1.44309
2.1, 0.930709, 1.64721, 2.06421, 1.44333
2.12, 0.964069, 1.68878, 2.09308, 1.44336
2.14, 0.998266, 1.73093, 2.12194, 1.44319
2.16, 1.03331, 1.77366, 2.1508, 1.44281
2.18, 1.06922, 1.81696, 2.17965, 1.44223
2.2, 1.106, 1.86084, 2.20849, 1.44144
2.22, 1.14366, 1.9053, 2.23731, 1.44045
2.24, 1.18221, 1.95034, 2.26611, 1.43926
2.26, 1.22168, 1.99595, 2.29488, 1.43788
2.28, 1.26206, 2.04213, 2.32362, 1.43629
2.3, 1.30337, 2.08889, 2.35233, 1.43451
2.32, 1.34562, 2.13622, 2.381, 1.43254
2.34, 1.38882, 2.18413, 2.40963, 1.43037
2.36, 1.43299, 2.23261, 2.43821, 1.42801
2.38, 1.47813, 2.28166, 2.46675, 1.42546
2.4, 1.52426, 2.33128, 2.49523, 1.42272
2.42, 1.57139, 2.38147, 2.52366, 1.41979
2.44, 1.61953, 2.43223, 2.55202, 1.41668
2.46, 1.66868, 2.48355, 2.58032, 1.41339
2.48, 1.71887, 2.53544, 2.60856, 1.40991
2.5, 1.77011, 2.58789, 2.63672, 1.40625
2.52, 1.8224, 2.64091, 2.66481, 1.40241
2.54, 1.87575, 2.69448, 2.69281, 1.39839
2.56, 1.93018, 2.74862, 2.72074, 1.3942
2.58, 1.9857, 2.80331, 2.74858, 1.38983
2.6, 2.04232, 2.85856, 2.77633, 1.38528
2.62, 2.10005, 2.91436, 2.80399, 1.38056
2.64, 2.1589, 2.97072, 2.83155, 1.37567
2.66, 2.21888, 3.02763, 2.85902, 1.37061
2.68, 2.28001, 3.08508, 2.88638, 1.36538
2.7, 2.34229, 3.14308, 2.91363, 1.35999
2.72, 2.40574, 3.20162, 2.94078, 1.35443
2.74, 2.47036, 3.26071, 2.96781, 1.3487
2.76, 2.53617, 3.32034, 2.99472, 1.34282
2.78, 2.60318, 3.3805, 3.02152, 1.33677
2.8, 2.6714, 3.4412, 3.04819, 1.33056
2.82, 2.74083, 3.50243, 3.07474, 1.32419
2.84, 2.8115, 3.56418, 3.10116, 1.31767
2.86, 2.88341, 3.62647, 3.12745, 1.31099
2.88, 2.95656, 3.68928, 3.1536, 1.30416
2.9, 3.03098, 3.75261, 3.17961, 1.29717
2.92, 3.10667, 3.81646, 3.20548, 1.29003
2.94, 3.18365, 3.88083, 3.23121, 1.28275
2.96, 3.26191, 3.94571, 3.25679, 1.27531
2.98, 3.34148, 4.0111, 3.28222, 1.26773
3, 3.42236, 4.077, 3.3075, 1.26
3.02, 3.50456, 4.1434, 3.33262, 1.25213
3.04, 3.5881, 4.2103, 3.35758, 1.24411
3.06, 3.67298, 4.2777, 3.38239, 1.23596
3.08, 3.75921, 4.3456, 3.40702, 1.22766
3.1, 3.84681, 4.41398, 3.43149, 1.21923
3.12, 3.93578, 4.48286, 3.45579, 1.21066
3.14, 4.02613, 4.55221, 3.47992, 1.20195
3.16, 4.11787, 4.62205, 3.50387, 1.19311
3.18, 4.21102, 4.69237, 3.52764, 1.18414
3.2, 4.30557, 4.76316, 3.55123, 1.17504
3.22, 4.40155, 4.83442, 3.57464, 1.16581
3.24, 4.49895, 4.90614, 3.59786, 1.15645
3.26, 4.5978, 4.97833, 3.6209, 1.14696
3.28, 4.69809, 5.05098, 3.64374, 1.13735
3.3, 4.79984, 5.12408, 3.66639, 1.12761
3.32, 4.90306, 5.19763, 3.68884, 1.11775
3.34, 5.00775, 5.27163, 3.7111, 1.10777
3.36, 5.11393, 5.34607, 3.73315, 1.09767
3.38, 5.2216, 5.42095, 3.75501, 1.08745
3.4, 5.33077, 5.49627, 3.77665, 1.07712
3.42, 5.44145, 5.57202, 3.79809, 1.06667
3.44, 5.55366, 5.64819, 3.81932, 1.05611
3.46, 5.66739, 5.72479, 3.84033, 1.04543
3.48, 5.78265, 5.80181, 3.86113, 1.03465
3.5, 5.89946, 5.87923, 3.88172, 1.02375
3.52, 6.01782, 5.95707, 3.90208, 1.01275
3.54, 6.13775, 6.03532, 3.92223, 1.00164
3.56, 6.25924, 6.11396, 3.94215, 0.99042
3.58, 6.38231, 6.193, 3.96184, 0.979101
3.6, 6.50697, 6.27243, 3.98131, 0.96768
3.62, 6.63321, 6.35225, 4.00055, 0.956158
3.64, 6.76106, 6.43245, 4.01956, 0.944536
3.66, 6.89051, 6.51303, 4.03833, 0.932817
3.68, 7.02158, 6.59398, 4.05687, 0.921001
3.7, 7.15428, 6.67531, 4.07517, 0.90909
